IdxCode|Value
1|7815425
2|2619523
3|1148662
4|3702982
7|7928197
8|6562951
10|2084812
11|1580111
12|6505010
13|6484536
14|4197381
15|2641547
18|672294
19|283933
20|200375
21|694964
22|763506
23|1800964
27|10334090
28|58005
29|385229
32|1832356
33|5136370
34|3048233
35|110493
37|873569
38|1036309
39|1139951
40|1259735
41|1650880
43|1884465
44|911479
45|356812
46|566066
47|2568496
48|8940806
49|887682
50|41648
55|1726954
56|726060
57|1094894
58|1291536
59|105118
60|102911
61|179833
62|225529
63|192971
64|171848
65|923533
66|1992758
67|164120
68|4311537
69|3324097
70|3444146
71|392076
72|1392083
73|326487
74|234707
75|3843550
76|562516
77|2631146
78|453066
79|8126180
80|486398
81|485543
82|1497954
83|1108715
89|2290158
90|1894532
91|358734
93|4643303
95|154323
96|804862
99|534150
102|1679366
109|13009906
114|205431
123|149751
126|368378
127|173229
